image: map.pgm
resolution: 0.200000
origin: [-238.371414, -137.214859, 0.000000]
origin gps: [10355.72169, 3044.70807]
width: 1166
length: 1845

